imgs/1.jpg 16,17,251,131,0
imgs/2.jpg 16,31,251,142,0
imgs/3.jpg 4,17,240,133,0
imgs/4.jpg 4,30,238,141,0
imgs/5.jpg 55,46,273,182,0
imgs/6.jpg 60,40,272,179,0
imgs/7.jpg 46,48,260,183,0
imgs/8.jpg 48,42,262,179,0
imgs/9.jpg 269,143,544,382,0
imgs/10.jpg 267,161,544,401,0
imgs/11.jpg 1,143,276,384,0
imgs/12.jpg 1,161,273,402,0
imgs/13.jpg 21,17,122,184,0
imgs/14.jpg 19,5,118,175,0
imgs/15.jpg 10,13,106,186,0
imgs/16.jpg 8,5,102,177,0
imgs/17.jpg 97,126,416,294,0
imgs/18.jpg 101,94,400,249,0
imgs/19.jpg 114,131,409,292,0
imgs/20.jpg 116,96,411,251,0
imgs/21.jpg 47,38,241,166,0
imgs/22.jpg 46,42,226,184,0
imgs/23.jpg 64,38,237,180,0
imgs/24.jpg 63,46,241,187,0
imgs/25.jpg 283,94,488,490,0
imgs/26.jpg 282,150,471,548,0
imgs/27.jpg 124,94,329,491,0
imgs/28.jpg 125,147,330,547,0
imgs/29.jpg 71,8,170,206,0
imgs/30.jpg 74,22,175,216,0
imgs/31.jpg 49,9,156,203,0
imgs/32.jpg 57,20,150,215,0
imgs/33.jpg 105,90,195,204,0
imgs/34.jpg 104,89,209,200,0
imgs/35.jpg 92,93,168,196,0
imgs/36.jpg 92,88,171,199,0
imgs/37.jpg 122,37,251,122,0 3,85,132,157,0
imgs/38.jpg 124,70,250,156,0 2,34,131,110,0
imgs/39.jpg 8,38,133,124,0 126,79,256,158,0
imgs/40.jpg 6,68,134,158,0 126,35,254,110,0
imgs/41.jpg 10,20,230,182,0
imgs/42.jpg 9,44,229,204,0
imgs/43.jpg 27,20,248,181,0
imgs/44.jpg 29,36,246,203,0
imgs/45.jpg 250,196,311,272,0
imgs/46.jpg 248,237,314,312,0
imgs/47.jpg 290,196,363,274,0
imgs/48.jpg 295,238,356,314,0
imgs/49.jpg 4,9,184,157,0
imgs/50.jpg 6,1,187,152,0
imgs/51.jpg 8,9,188,157,0
imgs/52.jpg 3,2,186,151,0
imgs/53.jpg 26,5,82,59,0
imgs/54.jpg 27,4,78,59,0
imgs/55.jpg 17,5,69,60,0
imgs/56.jpg 18,4,69,61,0
imgs/57.jpg 13,7,83,157,0
imgs/58.jpg 12,3,79,152,0
imgs/59.jpg 18,6,83,158,0
imgs/60.jpg 16,3,81,151,0
imgs/61.jpg 8,59,220,168,0
imgs/62.jpg 7,60,218,164,0
imgs/63.jpg 3,60,220,164,0
imgs/64.jpg 3,60,218,164,0
imgs/65.jpg 113,4,279,119,0 16,104,190,184,0
imgs/66.jpg 14,7,193,88,0 114,70,284,190,0
imgs/67.jpg 14,2,181,119,0 96,100,273,184,0
imgs/68.jpg 98,9,273,88,0 19,70,175,188,0
imgs/69.jpg 27,52,220,149,0
imgs/70.jpg 29,44,215,140,0
imgs/71.jpg 40,54,228,146,0
imgs/72.jpg 45,44,227,148,0
imgs/73.jpg 79,20,226,230,0
imgs/74.jpg 77,9,219,219,0
imgs/75.jpg 100,18,242,225,0
imgs/76.jpg 107,12,239,219,0
imgs/77.jpg 21,4,86,118,0
imgs/78.jpg 24,8,84,125,0
imgs/79.jpg 15,3,75,118,0
imgs/80.jpg 14,10,77,124,0
imgs/81.jpg 25,19,78,69,0
imgs/82.jpg 24,25,75,75,0
imgs/83.jpg 20,19,72,70,0
imgs/84.jpg 25,24,70,74,0
imgs/85.jpg 15,14,52,85,0
imgs/86.jpg 17,9,50,84,0
imgs/87.jpg 14,14,46,86,0
imgs/88.jpg 12,11,47,82,0
imgs/89.jpg 15,10,62,96,0
imgs/90.jpg 16,14,60,100,0
imgs/91.jpg 17,9,60,96,0
imgs/92.jpg 14,12,61,98,0
imgs/93.jpg 110,37,203,131,0
imgs/94.jpg 110,63,205,154,0
imgs/95.jpg 52,37,148,129,0
imgs/96.jpg 51,65,154,155,0
imgs/97.jpg 14,12,51,83,0
imgs/98.jpg 17,13,50,85,0
imgs/99.jpg 11,12,49,83,0
imgs/100.jpg 11,14,50,85,0
imgs/101.jpg 14,9,54,87,0
imgs/102.jpg 14,8,53,86,0
imgs/103.jpg 10,10,49,89,0
imgs/104.jpg 7,8,52,87,0
imgs/105.jpg 62,9,148,181,0
imgs/106.jpg 60,14,150,180,0
imgs/107.jpg 42,11,136,180,0
imgs/108.jpg 51,11,134,181,0
imgs/109.jpg 15,13,58,85,0
imgs/110.jpg 14,14,58,81,0
imgs/111.jpg 6,13,49,85,0
imgs/112.jpg 6,14,51,83,0
imgs/113.jpg 14,1,62,93,0
imgs/114.jpg 11,1,59,95,0
imgs/115.jpg 1,1,55,93,0
imgs/116.jpg 3,1,56,95,0
imgs/117.jpg 30,19,275,439,0
imgs/118.jpg 16,23,273,450,0
imgs/119.jpg 21,25,265,449,0
imgs/120.jpg 18,19,256,449,0
imgs/121.jpg 55,62,240,188,0
imgs/122.jpg 54,26,244,164,0
imgs/123.jpg 51,65,235,196,0
imgs/124.jpg 49,35,235,165,0
imgs/125.jpg 29,31,77,56,0
imgs/126.jpg 30,37,79,65,0
imgs/127.jpg 15,32,69,59,0
imgs/128.jpg 18,37,66,63,0
imgs/129.jpg 176,49,348,164,0
imgs/130.jpg 184,115,348,233,0
imgs/131.jpg 1,48,167,165,0
imgs/132.jpg 1,118,173,233,0
imgs/133.jpg 61,44,222,184,0
imgs/134.jpg 57,38,223,180,0
imgs/135.jpg 64,42,230,184,0
imgs/136.jpg 65,42,224,183,0
imgs/137.jpg 73,38,185,182,0
imgs/138.jpg 72,7,186,154,0
imgs/139.jpg 70,39,184,183,0
imgs/140.jpg 68,8,189,160,0
imgs/141.jpg 21,4,134,61,0 8,57,84,152,0 127,1,178,69,0
imgs/142.jpg 7,11,95,102,0 19,100,137,156,0 127,93,183,160,0
imgs/143.jpg 7,1,59,66,0 55,5,172,61,0 110,58,182,152,0
imgs/144.jpg 108,6,184,103,0 56,102,173,154,0 9,96,63,160,0
imgs/145.jpg 49,41,219,153,0
imgs/146.jpg 47,42,217,149,0
imgs/147.jpg 36,42,207,151,0
imgs/148.jpg 42,38,209,155,0
imgs/149.jpg 23,11,227,187,0
imgs/150.jpg 23,8,228,180,0
imgs/151.jpg 30,12,237,186,0
imgs/152.jpg 30,7,237,184,0
imgs/153.jpg 10,12,123,174,0 118,29,279,144,0 46,136,201,286,0
imgs/154.jpg 43,6,200,149,0 119,147,284,258,0 7,112,128,276,0
imgs/155.jpg 8,27,173,142,0 89,130,242,285,0 165,16,283,175,0
imgs/156.jpg 97,7,250,151,0 162,112,284,274,0 10,140,176,261,0
imgs/157.jpg 26,22,200,163,0
imgs/158.jpg 29,60,201,203,0
imgs/159.jpg 23,25,195,165,0
imgs/160.jpg 28,60,197,201,0
imgs/161.jpg 20,20,243,136,0
imgs/162.jpg 21,24,242,141,0
imgs/163.jpg 12,21,235,137,0
imgs/164.jpg 9,22,237,141,0
imgs/165.jpg 186,44,258,100,0 249,96,302,182,0 278,185,325,260,0 161,179,223,248,0 87,129,140,184,0
imgs/166.jpg 164,39,219,106,0 278,32,323,103,0 253,105,302,194,0 190,193,262,246,0 80,98,144,157,0
imgs/167.jpg 124,45,197,91,0 82,98,133,181,0 65,183,103,257,0 165,177,221,249,0 244,132,292,187,0
imgs/168.jpg 62,36,103,101,0 164,40,221,105,0 244,100,296,155,0 124,195,196,246,0 85,105,133,192,0
imgs/169.jpg 24,33,203,153,0
imgs/170.jpg 20,71,201,192,0
imgs/171.jpg 20,35,210,159,0
imgs/172.jpg 18,72,203,192,0
imgs/173.jpg 29,45,227,212,0
imgs/174.jpg 29,9,225,182,0
imgs/175.jpg 30,48,233,212,0
imgs/176.jpg 29,9,235,182,0
